{
 "cells": [
  {
   "cell_type": "code",
   "execution_count": 1,
   "id": "1de4fc97",
   "metadata": {},
   "outputs": [],
   "source": [
    "import pandas as pd\n",
    "import numpy as np\n",
    "import matplotlib.pyplot as plt\n",
    "import seaborn as sns"
   ]
  },
  {
   "cell_type": "code",
   "execution_count": 2,
   "id": "5eefa75c",
   "metadata": {},
   "outputs": [
    {
     "name": "stdout",
     "output_type": "stream",
     "text": [
      "    age    bp     sg   al   su     rbc        pc         pcc          ba  \\\n",
      "0  48.0  80.0  1.020  1.0  0.0     NaN    normal  notpresent  notpresent   \n",
      "1   7.0  50.0  1.020  4.0  0.0     NaN    normal  notpresent  notpresent   \n",
      "2  62.0  80.0  1.010  2.0  3.0  normal    normal  notpresent  notpresent   \n",
      "3  48.0  70.0  1.005  4.0  0.0  normal  abnormal     present  notpresent   \n",
      "4  51.0  80.0  1.010  2.0  0.0  normal    normal  notpresent  notpresent   \n",
      "\n",
      "     bgr  ...   pcv    wbcc  rbcc  htn   dm  cad  appet   pe  ane class  \n",
      "0  121.0  ...  44.0  7800.0   5.2  yes  yes   no   good   no   no   ckd  \n",
      "1    NaN  ...  38.0  6000.0   NaN   no   no   no   good   no   no   ckd  \n",
      "2  423.0  ...  31.0  7500.0   NaN   no  yes   no   poor   no  yes   ckd  \n",
      "3  117.0  ...  32.0  6700.0   3.9  yes   no   no   poor  yes  yes   ckd  \n",
      "4  106.0  ...  35.0  7300.0   4.6   no   no   no   good   no   no   ckd  \n",
      "\n",
      "[5 rows x 25 columns]\n"
     ]
    }
   ],
   "source": [
    "a = pd.read_csv(\"kidneyChronic.csv\")\n",
    "print(a.head(5))"
   ]
  },
  {
   "cell_type": "code",
   "execution_count": 3,
   "id": "6c96d8ae",
   "metadata": {},
   "outputs": [
    {
     "data": {
      "text/plain": [
       "(400, 25)"
      ]
     },
     "execution_count": 3,
     "metadata": {},
     "output_type": "execute_result"
    }
   ],
   "source": [
    "a.shape"
   ]
  },
  {
   "cell_type": "code",
   "execution_count": 4,
   "id": "82c2e2d6",
   "metadata": {},
   "outputs": [
    {
     "data": {
      "text/html": [
       "<div>\n",
       "<style scoped>\n",
       "    .dataframe tbody tr th:only-of-type {\n",
       "        vertical-align: middle;\n",
       "    }\n",
       "\n",
       "    .dataframe tbody tr th {\n",
       "        vertical-align: top;\n",
       "    }\n",
       "\n",
       "    .dataframe thead th {\n",
       "        text-align: right;\n",
       "    }\n",
       "</style>\n",
       "<table border=\"1\" class=\"dataframe\">\n",
       "  <thead>\n",
       "    <tr style=\"text-align: right;\">\n",
       "      <th></th>\n",
       "      <th>age</th>\n",
       "      <th>bp</th>\n",
       "      <th>sg</th>\n",
       "      <th>al</th>\n",
       "      <th>su</th>\n",
       "      <th>bgr</th>\n",
       "      <th>bu</th>\n",
       "      <th>sc</th>\n",
       "      <th>sod</th>\n",
       "      <th>pot</th>\n",
       "      <th>hemo</th>\n",
       "      <th>pcv</th>\n",
       "      <th>wbcc</th>\n",
       "      <th>rbcc</th>\n",
       "    </tr>\n",
       "  </thead>\n",
       "  <tbody>\n",
       "    <tr>\n",
       "      <th>age</th>\n",
       "      <td>1.000000</td>\n",
       "      <td>0.159480</td>\n",
       "      <td>-0.191096</td>\n",
       "      <td>0.122091</td>\n",
       "      <td>0.220866</td>\n",
       "      <td>0.244992</td>\n",
       "      <td>0.196985</td>\n",
       "      <td>0.132531</td>\n",
       "      <td>-0.100046</td>\n",
       "      <td>0.058377</td>\n",
       "      <td>-0.192928</td>\n",
       "      <td>-0.242119</td>\n",
       "      <td>0.118339</td>\n",
       "      <td>-0.268896</td>\n",
       "    </tr>\n",
       "    <tr>\n",
       "      <th>bp</th>\n",
       "      <td>0.159480</td>\n",
       "      <td>1.000000</td>\n",
       "      <td>-0.218836</td>\n",
       "      <td>0.160689</td>\n",
       "      <td>0.222576</td>\n",
       "      <td>0.160193</td>\n",
       "      <td>0.188517</td>\n",
       "      <td>0.146222</td>\n",
       "      <td>-0.116422</td>\n",
       "      <td>0.075151</td>\n",
       "      <td>-0.306540</td>\n",
       "      <td>-0.326319</td>\n",
       "      <td>0.029753</td>\n",
       "      <td>-0.261936</td>\n",
       "    </tr>\n",
       "    <tr>\n",
       "      <th>sg</th>\n",
       "      <td>-0.191096</td>\n",
       "      <td>-0.218836</td>\n",
       "      <td>1.000000</td>\n",
       "      <td>-0.469760</td>\n",
       "      <td>-0.296234</td>\n",
       "      <td>-0.374710</td>\n",
       "      <td>-0.314295</td>\n",
       "      <td>-0.361473</td>\n",
       "      <td>0.412190</td>\n",
       "      <td>-0.072787</td>\n",
       "      <td>0.602582</td>\n",
       "      <td>0.603560</td>\n",
       "      <td>-0.236215</td>\n",
       "      <td>0.579476</td>\n",
       "    </tr>\n",
       "    <tr>\n",
       "      <th>al</th>\n",
       "      <td>0.122091</td>\n",
       "      <td>0.160689</td>\n",
       "      <td>-0.469760</td>\n",
       "      <td>1.000000</td>\n",
       "      <td>0.269305</td>\n",
       "      <td>0.379464</td>\n",
       "      <td>0.453528</td>\n",
       "      <td>0.399198</td>\n",
       "      <td>-0.459896</td>\n",
       "      <td>0.129038</td>\n",
       "      <td>-0.634632</td>\n",
       "      <td>-0.611891</td>\n",
       "      <td>0.231989</td>\n",
       "      <td>-0.566437</td>\n",
       "    </tr>\n",
       "    <tr>\n",
       "      <th>su</th>\n",
       "      <td>0.220866</td>\n",
       "      <td>0.222576</td>\n",
       "      <td>-0.296234</td>\n",
       "      <td>0.269305</td>\n",
       "      <td>1.000000</td>\n",
       "      <td>0.717827</td>\n",
       "      <td>0.168583</td>\n",
       "      <td>0.223244</td>\n",
       "      <td>-0.131776</td>\n",
       "      <td>0.219450</td>\n",
       "      <td>-0.224775</td>\n",
       "      <td>-0.239189</td>\n",
       "      <td>0.184893</td>\n",
       "      <td>-0.237448</td>\n",
       "    </tr>\n",
       "    <tr>\n",
       "      <th>bgr</th>\n",
       "      <td>0.244992</td>\n",
       "      <td>0.160193</td>\n",
       "      <td>-0.374710</td>\n",
       "      <td>0.379464</td>\n",
       "      <td>0.717827</td>\n",
       "      <td>1.000000</td>\n",
       "      <td>0.143322</td>\n",
       "      <td>0.114875</td>\n",
       "      <td>-0.267848</td>\n",
       "      <td>0.066966</td>\n",
       "      <td>-0.306189</td>\n",
       "      <td>-0.301385</td>\n",
       "      <td>0.150015</td>\n",
       "      <td>-0.281541</td>\n",
       "    </tr>\n",
       "    <tr>\n",
       "      <th>bu</th>\n",
       "      <td>0.196985</td>\n",
       "      <td>0.188517</td>\n",
       "      <td>-0.314295</td>\n",
       "      <td>0.453528</td>\n",
       "      <td>0.168583</td>\n",
       "      <td>0.143322</td>\n",
       "      <td>1.000000</td>\n",
       "      <td>0.586368</td>\n",
       "      <td>-0.323054</td>\n",
       "      <td>0.357049</td>\n",
       "      <td>-0.610360</td>\n",
       "      <td>-0.607621</td>\n",
       "      <td>0.050462</td>\n",
       "      <td>-0.579087</td>\n",
       "    </tr>\n",
       "    <tr>\n",
       "      <th>sc</th>\n",
       "      <td>0.132531</td>\n",
       "      <td>0.146222</td>\n",
       "      <td>-0.361473</td>\n",
       "      <td>0.399198</td>\n",
       "      <td>0.223244</td>\n",
       "      <td>0.114875</td>\n",
       "      <td>0.586368</td>\n",
       "      <td>1.000000</td>\n",
       "      <td>-0.690158</td>\n",
       "      <td>0.326107</td>\n",
       "      <td>-0.401670</td>\n",
       "      <td>-0.404193</td>\n",
       "      <td>-0.006390</td>\n",
       "      <td>-0.400852</td>\n",
       "    </tr>\n",
       "    <tr>\n",
       "      <th>sod</th>\n",
       "      <td>-0.100046</td>\n",
       "      <td>-0.116422</td>\n",
       "      <td>0.412190</td>\n",
       "      <td>-0.459896</td>\n",
       "      <td>-0.131776</td>\n",
       "      <td>-0.267848</td>\n",
       "      <td>-0.323054</td>\n",
       "      <td>-0.690158</td>\n",
       "      <td>1.000000</td>\n",
       "      <td>0.097887</td>\n",
       "      <td>0.365183</td>\n",
       "      <td>0.376914</td>\n",
       "      <td>0.007277</td>\n",
       "      <td>0.344873</td>\n",
       "    </tr>\n",
       "    <tr>\n",
       "      <th>pot</th>\n",
       "      <td>0.058377</td>\n",
       "      <td>0.075151</td>\n",
       "      <td>-0.072787</td>\n",
       "      <td>0.129038</td>\n",
       "      <td>0.219450</td>\n",
       "      <td>0.066966</td>\n",
       "      <td>0.357049</td>\n",
       "      <td>0.326107</td>\n",
       "      <td>0.097887</td>\n",
       "      <td>1.000000</td>\n",
       "      <td>-0.133746</td>\n",
       "      <td>-0.163182</td>\n",
       "      <td>-0.105576</td>\n",
       "      <td>-0.158309</td>\n",
       "    </tr>\n",
       "    <tr>\n",
       "      <th>hemo</th>\n",
       "      <td>-0.192928</td>\n",
       "      <td>-0.306540</td>\n",
       "      <td>0.602582</td>\n",
       "      <td>-0.634632</td>\n",
       "      <td>-0.224775</td>\n",
       "      <td>-0.306189</td>\n",
       "      <td>-0.610360</td>\n",
       "      <td>-0.401670</td>\n",
       "      <td>0.365183</td>\n",
       "      <td>-0.133746</td>\n",
       "      <td>1.000000</td>\n",
       "      <td>0.895382</td>\n",
       "      <td>-0.169413</td>\n",
       "      <td>0.798880</td>\n",
       "    </tr>\n",
       "    <tr>\n",
       "      <th>pcv</th>\n",
       "      <td>-0.242119</td>\n",
       "      <td>-0.326319</td>\n",
       "      <td>0.603560</td>\n",
       "      <td>-0.611891</td>\n",
       "      <td>-0.239189</td>\n",
       "      <td>-0.301385</td>\n",
       "      <td>-0.607621</td>\n",
       "      <td>-0.404193</td>\n",
       "      <td>0.376914</td>\n",
       "      <td>-0.163182</td>\n",
       "      <td>0.895382</td>\n",
       "      <td>1.000000</td>\n",
       "      <td>-0.197022</td>\n",
       "      <td>0.791625</td>\n",
       "    </tr>\n",
       "    <tr>\n",
       "      <th>wbcc</th>\n",
       "      <td>0.118339</td>\n",
       "      <td>0.029753</td>\n",
       "      <td>-0.236215</td>\n",
       "      <td>0.231989</td>\n",
       "      <td>0.184893</td>\n",
       "      <td>0.150015</td>\n",
       "      <td>0.050462</td>\n",
       "      <td>-0.006390</td>\n",
       "      <td>0.007277</td>\n",
       "      <td>-0.105576</td>\n",
       "      <td>-0.169413</td>\n",
       "      <td>-0.197022</td>\n",
       "      <td>1.000000</td>\n",
       "      <td>-0.158163</td>\n",
       "    </tr>\n",
       "    <tr>\n",
       "      <th>rbcc</th>\n",
       "      <td>-0.268896</td>\n",
       "      <td>-0.261936</td>\n",
       "      <td>0.579476</td>\n",
       "      <td>-0.566437</td>\n",
       "      <td>-0.237448</td>\n",
       "      <td>-0.281541</td>\n",
       "      <td>-0.579087</td>\n",
       "      <td>-0.400852</td>\n",
       "      <td>0.344873</td>\n",
       "      <td>-0.158309</td>\n",
       "      <td>0.798880</td>\n",
       "      <td>0.791625</td>\n",
       "      <td>-0.158163</td>\n",
       "      <td>1.000000</td>\n",
       "    </tr>\n",
       "  </tbody>\n",
       "</table>\n",
       "</div>"
      ],
      "text/plain": [
       "           age        bp        sg        al        su       bgr        bu  \\\n",
       "age   1.000000  0.159480 -0.191096  0.122091  0.220866  0.244992  0.196985   \n",
       "bp    0.159480  1.000000 -0.218836  0.160689  0.222576  0.160193  0.188517   \n",
       "sg   -0.191096 -0.218836  1.000000 -0.469760 -0.296234 -0.374710 -0.314295   \n",
       "al    0.122091  0.160689 -0.469760  1.000000  0.269305  0.379464  0.453528   \n",
       "su    0.220866  0.222576 -0.296234  0.269305  1.000000  0.717827  0.168583   \n",
       "bgr   0.244992  0.160193 -0.374710  0.379464  0.717827  1.000000  0.143322   \n",
       "bu    0.196985  0.188517 -0.314295  0.453528  0.168583  0.143322  1.000000   \n",
       "sc    0.132531  0.146222 -0.361473  0.399198  0.223244  0.114875  0.586368   \n",
       "sod  -0.100046 -0.116422  0.412190 -0.459896 -0.131776 -0.267848 -0.323054   \n",
       "pot   0.058377  0.075151 -0.072787  0.129038  0.219450  0.066966  0.357049   \n",
       "hemo -0.192928 -0.306540  0.602582 -0.634632 -0.224775 -0.306189 -0.610360   \n",
       "pcv  -0.242119 -0.326319  0.603560 -0.611891 -0.239189 -0.301385 -0.607621   \n",
       "wbcc  0.118339  0.029753 -0.236215  0.231989  0.184893  0.150015  0.050462   \n",
       "rbcc -0.268896 -0.261936  0.579476 -0.566437 -0.237448 -0.281541 -0.579087   \n",
       "\n",
       "            sc       sod       pot      hemo       pcv      wbcc      rbcc  \n",
       "age   0.132531 -0.100046  0.058377 -0.192928 -0.242119  0.118339 -0.268896  \n",
       "bp    0.146222 -0.116422  0.075151 -0.306540 -0.326319  0.029753 -0.261936  \n",
       "sg   -0.361473  0.412190 -0.072787  0.602582  0.603560 -0.236215  0.579476  \n",
       "al    0.399198 -0.459896  0.129038 -0.634632 -0.611891  0.231989 -0.566437  \n",
       "su    0.223244 -0.131776  0.219450 -0.224775 -0.239189  0.184893 -0.237448  \n",
       "bgr   0.114875 -0.267848  0.066966 -0.306189 -0.301385  0.150015 -0.281541  \n",
       "bu    0.586368 -0.323054  0.357049 -0.610360 -0.607621  0.050462 -0.579087  \n",
       "sc    1.000000 -0.690158  0.326107 -0.401670 -0.404193 -0.006390 -0.400852  \n",
       "sod  -0.690158  1.000000  0.097887  0.365183  0.376914  0.007277  0.344873  \n",
       "pot   0.326107  0.097887  1.000000 -0.133746 -0.163182 -0.105576 -0.158309  \n",
       "hemo -0.401670  0.365183 -0.133746  1.000000  0.895382 -0.169413  0.798880  \n",
       "pcv  -0.404193  0.376914 -0.163182  0.895382  1.000000 -0.197022  0.791625  \n",
       "wbcc -0.006390  0.007277 -0.105576 -0.169413 -0.197022  1.000000 -0.158163  \n",
       "rbcc -0.400852  0.344873 -0.158309  0.798880  0.791625 -0.158163  1.000000  "
      ]
     },
     "execution_count": 4,
     "metadata": {},
     "output_type": "execute_result"
    }
   ],
   "source": [
    "a.corr()"
   ]
  },
  {
   "cell_type": "code",
   "execution_count": 5,
   "id": "841cc3af",
   "metadata": {},
   "outputs": [
    {
     "name": "stdout",
     "output_type": "stream",
     "text": [
      "<class 'pandas.core.frame.DataFrame'>\n",
      "RangeIndex: 400 entries, 0 to 399\n",
      "Data columns (total 25 columns):\n",
      " #   Column  Non-Null Count  Dtype  \n",
      "---  ------  --------------  -----  \n",
      " 0   age     391 non-null    float64\n",
      " 1   bp      388 non-null    float64\n",
      " 2   sg      353 non-null    float64\n",
      " 3   al      354 non-null    float64\n",
      " 4   su      351 non-null    float64\n",
      " 5   rbc     248 non-null    object \n",
      " 6   pc      335 non-null    object \n",
      " 7   pcc     396 non-null    object \n",
      " 8   ba      396 non-null    object \n",
      " 9   bgr     356 non-null    float64\n",
      " 10  bu      381 non-null    float64\n",
      " 11  sc      383 non-null    float64\n",
      " 12  sod     313 non-null    float64\n",
      " 13  pot     312 non-null    float64\n",
      " 14  hemo    348 non-null    float64\n",
      " 15  pcv     329 non-null    float64\n",
      " 16  wbcc    294 non-null    float64\n",
      " 17  rbcc    269 non-null    float64\n",
      " 18  htn     398 non-null    object \n",
      " 19  dm      398 non-null    object \n",
      " 20  cad     398 non-null    object \n",
      " 21  appet   399 non-null    object \n",
      " 22  pe      399 non-null    object \n",
      " 23  ane     399 non-null    object \n",
      " 24  class   400 non-null    object \n",
      "dtypes: float64(14), object(11)\n",
      "memory usage: 78.2+ KB\n"
     ]
    }
   ],
   "source": [
    "a.info()"
   ]
  },
  {
   "cell_type": "code",
   "execution_count": 6,
   "id": "e648ca0a",
   "metadata": {},
   "outputs": [
    {
     "data": {
      "text/plain": [
       "age        9\n",
       "bp        12\n",
       "sg        47\n",
       "al        46\n",
       "su        49\n",
       "rbc      152\n",
       "pc        65\n",
       "pcc        4\n",
       "ba         4\n",
       "bgr       44\n",
       "bu        19\n",
       "sc        17\n",
       "sod       87\n",
       "pot       88\n",
       "hemo      52\n",
       "pcv       71\n",
       "wbcc     106\n",
       "rbcc     131\n",
       "htn        2\n",
       "dm         2\n",
       "cad        2\n",
       "appet      1\n",
       "pe         1\n",
       "ane        1\n",
       "class      0\n",
       "dtype: int64"
      ]
     },
     "execution_count": 6,
     "metadata": {},
     "output_type": "execute_result"
    }
   ],
   "source": [
    "a.isnull().sum()"
   ]
  },
  {
   "cell_type": "code",
   "execution_count": 7,
   "id": "4573324b",
   "metadata": {},
   "outputs": [
    {
     "name": "stdout",
     "output_type": "stream",
     "text": [
      "      age    bp     sg   al   su       rbc        pc         pcc          ba  \\\n",
      "3    48.0  70.0  1.005  4.0  0.0    normal  abnormal     present  notpresent   \n",
      "9    53.0  90.0  1.020  2.0  0.0  abnormal  abnormal     present  notpresent   \n",
      "11   63.0  70.0  1.010  3.0  0.0  abnormal  abnormal     present  notpresent   \n",
      "14   68.0  80.0  1.010  3.0  2.0    normal  abnormal     present     present   \n",
      "20   61.0  80.0  1.015  2.0  0.0  abnormal  abnormal  notpresent  notpresent   \n",
      "..    ...   ...    ...  ...  ...       ...       ...         ...         ...   \n",
      "395  55.0  80.0  1.020  0.0  0.0    normal    normal  notpresent  notpresent   \n",
      "396  42.0  70.0  1.025  0.0  0.0    normal    normal  notpresent  notpresent   \n",
      "397  12.0  80.0  1.020  0.0  0.0    normal    normal  notpresent  notpresent   \n",
      "398  17.0  60.0  1.025  0.0  0.0    normal    normal  notpresent  notpresent   \n",
      "399  58.0  80.0  1.025  0.0  0.0    normal    normal  notpresent  notpresent   \n",
      "\n",
      "       bgr  ...   pcv     wbcc  rbcc  htn   dm  cad  appet   pe  ane   class  \n",
      "3    117.0  ...  32.0   6700.0   3.9  yes   no   no   poor  yes  yes     ckd  \n",
      "9     70.0  ...  29.0  12100.0   3.7  yes  yes   no   poor   no  yes     ckd  \n",
      "11   380.0  ...  32.0   4500.0   3.8  yes  yes   no   poor  yes   no     ckd  \n",
      "14   157.0  ...  16.0  11000.0   2.6  yes  yes  yes   poor  yes   no     ckd  \n",
      "20   173.0  ...  24.0   9200.0   3.2  yes  yes  yes   poor  yes  yes     ckd  \n",
      "..     ...  ...   ...      ...   ...  ...  ...  ...    ...  ...  ...     ...  \n",
      "395  140.0  ...  47.0   6700.0   4.9   no   no   no   good   no   no  notckd  \n",
      "396   75.0  ...  54.0   7800.0   6.2   no   no   no   good   no   no  notckd  \n",
      "397  100.0  ...  49.0   6600.0   5.4   no   no   no   good   no   no  notckd  \n",
      "398  114.0  ...  51.0   7200.0   5.9   no   no   no   good   no   no  notckd  \n",
      "399  131.0  ...  53.0   6800.0   6.1   no   no   no   good   no   no  notckd  \n",
      "\n",
      "[158 rows x 25 columns]\n"
     ]
    }
   ],
   "source": [
    "m = a.dropna()\n",
    "print(m)"
   ]
  },
  {
   "cell_type": "code",
   "execution_count": 8,
   "id": "e350af00",
   "metadata": {},
   "outputs": [
    {
     "data": {
      "text/plain": [
       "(158, 25)"
      ]
     },
     "execution_count": 8,
     "metadata": {},
     "output_type": "execute_result"
    }
   ],
   "source": [
    "m.shape"
   ]
  },
  {
   "cell_type": "code",
   "execution_count": 9,
   "id": "923839e8",
   "metadata": {},
   "outputs": [
    {
     "data": {
      "text/plain": [
       "age      0\n",
       "bp       0\n",
       "sg       0\n",
       "al       0\n",
       "su       0\n",
       "rbc      0\n",
       "pc       0\n",
       "pcc      0\n",
       "ba       0\n",
       "bgr      0\n",
       "bu       0\n",
       "sc       0\n",
       "sod      0\n",
       "pot      0\n",
       "hemo     0\n",
       "pcv      0\n",
       "wbcc     0\n",
       "rbcc     0\n",
       "htn      0\n",
       "dm       0\n",
       "cad      0\n",
       "appet    0\n",
       "pe       0\n",
       "ane      0\n",
       "class    0\n",
       "dtype: int64"
      ]
     },
     "execution_count": 9,
     "metadata": {},
     "output_type": "execute_result"
    }
   ],
   "source": [
    "m.isnull().sum()"
   ]
  },
  {
   "cell_type": "code",
   "execution_count": 10,
   "id": "d8225d75",
   "metadata": {},
   "outputs": [
    {
     "data": {
